72
93 214 97 205
93 241 98 227
95 270 102 251
100 297 107 273
111 323 117 294
125 344 130 313
144 362 146 331
166 374 164 346
192 376 185 349
217 371 206 345
240 358 226 331
261 340 242 314
275 317 256 295
285 291 265 274
287 263 270 253
286 235 274 229
284 209 276 206
104 202 109 203
117 190 122 194
135 189 138 194
153 191 155 196
172 198 172 201
191 197 194 200
210 189 211 194
230 185 228 192
250 185 245 192
265 197 260 200
184 207 183 212
184 225 183 229
185 243 183 246
186 261 183 263
165 271 167 268
175 276 175 271
186 278 184 274
197 276 193 270
207 272 201 267
124 210 129 211
134 204 139 206
146 204 151 206
158 211 161 213
146 213 150 216
134 213 138 216
210 210 207 213
222 203 216 205
234 203 228 204
244 208 238 210
235 211 229 215
223 212 218 215
149 309 153 296
164 303 165 291
176 300 175 287
187 304 184 290
199 300 194 287
212 303 205 289
226 308 215 293
212 315 206 306
200 318 195 312
187 318 185 314
176 317 175 313
164 315 164 307
155 308 159 296
176 307 175 295
187 308 184 296
199 307 194 295
221 307 210 294
199 307 194 298
187 308 185 300
176 307 175 298
183 0 183 0
0 245 0 245
366 245 366 245
183 490 183 490